[{"id": 0, "img_name": "IMG_00001", "width": 2986, "height": 3991, "position": [-3.939462059414753, 0.06648879759709325, 0.16800748566849497], "rotation": [[0.06966729759127112, -0.32155158125824257, 0.9443257108840426], [0.7095594603642957, 0.6813570005769343, 0.17966081924652627], [-0.701193154454504, 0.6575387580630723, 0.27562826740197394]], "fy": 3018.022917999829, "fx": 3021.0760677483418}, {"id": 1, "img_name": "IMG_00004", "width": 2986, "height": 3991, "position": [-3.3283177506659127, 1.2454746601159559, -0.7665491050798662], "rotation": [[0.46854669337447513, -0.30493925590511584, 0.8291417528600761], [0.6748774650838737, 0.7291970694258438, -0.11319028696282168], [-0.5700915744420454, 0.612604019043946, 0.5474595077276441]], "fy": 3018.022917999829, "fx": 3021.0760677483418}, {"id": 2, "img_name": "IMG_00005", "width": 2986, "height": 3991, "position": [-2.9254513262015127, 1.6486619196398644, -1.158718787165905], "rotation": [[0.5901996524697122, -0.30456202746714867, 0.747600389011222], [0.6368092736334912, 0.7448158654800463, -0.19930698819558473], [-0.49612329036139424, 0.5937097758621708, 0.6335379884479496]], "fy": 3018.022917999829, "fx": 3021.0760677483418}, {"id": 3, "img_name": "IMG_00008", "width": 2986, "height": 3991, "position": [-2.051333507706599, 2.4693706958965795, -1.6847429553227338], "rotation": [[0.7780598539941352, -0.26071846287592926, 0.5715319297451696], [0.5153473895367559, 0.7851724660518306, -0.34339666080458336], [-0.3592212851436787, 0.5617206437987654, 0.7452717535436483]], "fy": 3018.022917999829, "fx": 3021.0760677483418}, {"id": 4, "img_name": "IMG_00013", "width": 2986, "height": 3991, "position": [0.1311189250458189, 3.184167435085486, -2.0527550687345104], "rotation": [[0.9798606771496751, -0.1541616371104392, 0.12691431368923442], [0.1987705657058404, 0.8137015156423787, -0.546241801449025], [-0.01906083903610514, 0.5604676913834775, 0.8279569139336385]], "fy": 3018.022917999829, "fx": 3021.0760677483418}, {"id": 5, "img_name": "IMG_00020", "width": 2986, "height": 3991, "position": [2.443080253692464, 3.088173545533123, -1.4186502106823136], "rotation": [[0.9354285547239597, -0.04181579573321044, -0.3510339844434472], [-0.16828079230146453, 0.8205896343973361, -0.5461814962647832], [0.310893862836556, 0.5699860446948193, 0.7605661804890618]], "fy": 3018.022917999829, "fx": 3021.0760677483418}, {"id": 6, "img_name": "IMG_00041", "width": 2986, "height": 3991, "position": [4.406819059654024, -1.0519828979968318, 2.569867600569533], "rotation": [[-0.5205888743379291, 0.05420080254349348, -0.8520853812378244], [-0.6725136391323657, 0.5888315924353446, 0.4483333145451031], [0.5260348173804748, 0.8064363761349668, -0.27008839691810654]], "fy": 3018.022917999829, "fx": 3021.0760677483418}, {"id": 7, "img_name": "IMG_00048", "width": 2986, "height": 3991, "position": [2.4869455907966813, -2.3053902685269776, 3.4209938390090646], "rotation": [[-0.9161036463510925, -0.07742649020513682, -0.3933945192256054], [-0.3775670824038404, 0.49671417113119615, 0.7814845682945378], [0.1348970252721793, 0.8644536834394092, -0.48427535737507216]], "fy": 3018.022917999829, "fx": 3021.0760677483418}, {"id": 8, "img_name": "IMG_00049", "width": 2986, "height": 3991, "position": [2.0595045937989678, -2.4110934141666114, 3.4539238581672307], "rotation": [[-0.9526588552144531, -0.0909164894167611, -0.2901297942880391], [-0.29632653755225774, 0.49124005547047783, 0.8190688561065255], [0.06805651125188715, 0.8662663561823776, -0.4949251573952654]], "fy": 3018.022917999829, "fx": 3021.0760677483418}, {"id": 9, "img_name": "IMG_00056", "width": 2986, "height": 3991, "position": [-0.457049426429969, -2.5870812166162342, 3.056889287277155], "rotation": [[-0.9234918300667342, -0.20995202676162283, 0.32106539249610927], [0.1722655072282281, 0.5208475415443241, 0.8360875752495279], [-0.3427644013304112, 0.8274285376550174, -0.44483095694284164]], "fy": 3018.022917999829, "fx": 3021.0760677483418}, {"id": 10, "img_name": "IMG_00063", "width": 2986, "height": 3991, "position": [-2.314955983934519, -1.653630630344351, 1.8382820300594982], "rotation": [[-0.5081878174476147, -0.32503286890780003, 0.797558008126929], [0.5713997984355735, 0.5656409242998971, 0.5946029053956461], [-0.6443969371013611, 0.7578944378254289, -0.10172811100016292]], "fy": 3018.022917999829, "fx": 3021.0760677483418}, {"id": 11, "img_name": "IMG_00066", "width": 2986, "height": 3991, "position": [-2.5753529581630326, -1.0139606998357882, 1.1344726277222086], "rotation": [[-0.2524288019472662, -0.3646434213937367, 0.8962783469334388], [0.6616137400857943, 0.6108684302739974, 0.4348643694581902], [-0.7060785784012673, 0.7027623610644298, 0.08705231182451832]], "fy": 3018.022917999829, "fx": 3021.0760677483418}, {"id": 12, "img_name": "IMG_00071", "width": 2986, "height": 3991, "position": [-2.9181637455850997, -0.06917686850898497, 0.20925549231609822], "rotation": [[0.09501326795232055, -0.34909510482276357, 0.9322580579977864], [0.7212050470653922, 0.6696586882799056, 0.1772583462030535], [-0.6861747292056346, 0.6555073218508088, 0.3153956118901374]], "fy": 3018.022917999829, "fx": 3021.0760677483418}, {"id": 13, "img_name": "IMG_00085", "width": 2986, "height": 3991, "position": [0.47933043829417776, 1.352839019474384, -1.7418847857112785], "rotation": [[0.9876589201902479, -0.1479464878695065, 0.05139741331731899], [0.15021414914948977, 0.9876976079376939, -0.04346429188946198], [-0.044334712854919966, 0.05064851430432549, 0.9977320087252072]], "fy": 3018.022917999829, "fx": 3021.0760677483418}, {"id": 14, "img_name": "IMG_00087", "width": 2986, "height": 3991, "position": [1.06665449110584, 1.4924661884174908, -1.6621475631827514], "rotation": [[0.9974438049043506, -0.0287753009109512, -0.06540518416315332], [0.02433696125481004, 0.9974108109494146, -0.06767116459846688], [0.06718309590078196, 0.06590642046656102, 0.9955615377094834]], "fy": 3018.022917999829, "fx": 3021.0760677483418}, {"id": 15, "img_name": "IMG_00089", "width": 2986, "height": 3991, "position": [1.840234291491575, 1.424446800775545, -1.5133296230347117], "rotation": [[0.9427021582391586, 0.1541382961408131, -0.2958952965392305], [-0.18495619267448524, 0.9795679895390282, -0.0789794951985957], [0.2776757959250155, 0.12918180805853932, 0.9519496902799726]], "fy": 3018.022917999829, "fx": 3021.0760677483418}, {"id": 16, "img_name": "IMG_00101", "width": 2986, "height": 3991, "position": [3.9622815879542688, 0.4959141188771693, -0.18356070747894157], "rotation": [[0.3089565299721633, 0.502226383402373, -0.8076599051594254], [-0.7040417344271028, 0.6917124491725661, 0.1608077232118113], [0.6394302923481465, 0.5189436842994263, 0.5672974120805603]], "fy": 3018.022917999829, "fx": 3021.0760677483418}, {"id": 17, "img_name": "IMG_00102", "width": 2986, "height": 3991, "position": [4.1380960919983485, 0.2527855153665192, 0.04207260005701159], "rotation": [[0.20540220959565592, 0.5120527103321141, -0.8340335449697203], [-0.7489290746472897, 0.6308361281106815, 0.202857143375031], [0.6300120422985392, 0.5829646655774773, 0.5130662971263692]], "fy": 3018.022917999829, "fx": 3021.0760677483418}, {"id": 18, "img_name": "IMG_00109", "width": 2986, "height": 3991, "position": [3.915641504935, -1.4178871203430883, 1.485328924166019], "rotation": [[-0.5035642145051062, 0.3690524958550042, -0.7811679314801951], [-0.698880014672634, 0.3575656565719406, 0.6194461448192696], [0.5079269701059725, 0.857873566758802, 0.07786614473246586]], "fy": 3018.022917999829, "fx": 3021.0760677483418}, {"id": 19, "img_name": "IMG_00135", "width": 2986, "height": 3991, "position": [-1.8141667559818255, -0.5253257493165263, -0.37459222231469325], "rotation": [[0.1500083321821624, -0.6532045479041722, 0.7421733752117707], [0.7024525254079158, 0.5986637640670743, 0.3849183642554402], [-0.695742732498132, 0.4636005998597804, 0.5486497370688191]], "fy": 3018.022917999829, "fx": 3021.0760677483418}]