[{"id": 0, "img_name": "IMG_ (1)", "width": 2958, "height": 3961, "position": [-0.22363920932897652, -2.4156824450411603, 2.9585551971640167], "rotation": [[-0.9983433705844696, -0.05233971765326368, -0.023897036762239518], [-0.03246453765083726, 0.16951460053945425, 0.9849928192626919], [-0.04750334940987381, 0.984136857433927, -0.1709329624002269]], "fy": 3038.801487280267, "fx": 3042.355197700299}, {"id": 1, "img_name": "IMG_ (10)", "width": 2958, "height": 3961, "position": [3.158676332532803, -0.5731441771729836, 0.9378612906016787], "rotation": [[-0.3534585656278677, 0.5727363469143713, -0.7396216054899093], [-0.6691264840584172, 0.39773072336840176, 0.6277579310693484], [0.6537100203575824, 0.7167868222923947, 0.24265172711534588]], "fy": 3038.801487280267, "fx": 3042.355197700299}, {"id": 2, "img_name": "IMG_ (11)", "width": 2958, "height": 3961, "position": [3.385065694071563, -0.30822162139256143, 0.5554642824208899], "rotation": [[-0.19341555790068965, 0.6154453271140776, -0.7640794927855418], [-0.6887156417279983, 0.46948666762411057, 0.5524970893700702], [0.6987568867647432, 0.6330950309840173, 0.33306079766641694]], "fy": 3038.801487280267, "fx": 3042.355197700299}, {"id": 3, "img_name": "IMG_ (12)", "width": 2958, "height": 3961, "position": [3.59818313697014, -0.06871658372160995, 0.23671196200609868], "rotation": [[-0.059672912930420215, 0.6116906675177425, -0.7888432485190556], [-0.6902234608504203, 0.5456084931508491, 0.47529248499563714], [0.7211315535698506, 0.5728402041349387, 0.3896452013981118]], "fy": 3038.801487280267, "fx": 3042.355197700299}, {"id": 4, "img_name": "IMG_ (13)", "width": 2958, "height": 3961, "position": [3.5508222570978183, 0.19329128939080525, -0.02065081030452349], "rotation": [[0.05008716792282317, 0.6050436470073312, -0.7946152910846472], [-0.682540406332112, 0.6015709826121806, 0.41503125979016425], [0.7291295285019432, 0.5215693032522939, 0.4430977235006408]], "fy": 3038.801487280267, "fx": 3042.355197700299}, {"id": 5, "img_name": "IMG_ (14)", "width": 2958, "height": 3961, "position": [3.4852984454910074, 0.43641927974486616, -0.297838200415091], "rotation": [[0.1391879424453398, 0.6114172629547661, -0.7789708898532313], [-0.681325905448332, 0.6299746815975814, 0.3727290049231967], [0.7186248863230685, 0.4788536635621872, 0.5042593000136224]], "fy": 3038.801487280267, "fx": 3042.355197700299}, {"id": 6, "img_name": "IMG_ (15)", "width": 2958, "height": 3961, "position": [3.4455283168408157, 0.7427961738235285, -0.6915672589444356], "rotation": [[0.26063381143517106, 0.5979305813471688, -0.757990129372812], [-0.6643342325446436, 0.6807628783094094, 0.3085805097299689], [0.7005212657772032, 0.4231322764877727, 0.574655577531603]], "fy": 3038.801487280267, "fx": 3042.355197700299}, {"id": 7, "img_name": "IMG_ (16)", "width": 2958, "height": 3961, "position": [3.4020005157350015, 1.1218271652388383, -1.173787629163785], "rotation": [[0.4244055756240375, 0.5581811527616408, -0.7129612248088356], [-0.626938198454356, 0.7492697659898275, 0.21340879338104946], [0.6533210563712422, 0.3564107440513471, 0.6679393526561594]], "fy": 3038.801487280267, "fx": 3042.355197700299}, {"id": 8, "img_name": "IMG_ (17)", "width": 2958, "height": 3961, "position": [3.2087061279187554, 1.420515144484061, -1.5127553951554953], "rotation": [[0.5028657441123295, 0.5278666160356668, -0.6844580915391438], [-0.5943231672178337, 0.7861322203623538, 0.16963521160513345], [0.6276193243571423, 0.3214855638799501, 0.7090423230740706]], "fy": 3038.801487280267, "fx": 3042.355197700299}, {"id": 9, "img_name": "IMG_ (18)", "width": 2958, "height": 3961, "position": [2.8649144884348097, 1.626981309821272, -1.7344217182184243], "rotation": [[0.6085246126782805, 0.4952695149364748, -0.6200047607392523], [-0.543447936720765, 0.8294426991582076, 0.129186488794651], [0.5782405518801773, 0.2583271499237663, 0.7738894932569972]], "fy": 3038.801487280267, "fx": 3042.355197700299}, {"id": 10, "img_name": "IMG_ (19)", "width": 2958, "height": 3961, "position": [2.5960727881305696, 1.827202667524656, -1.9486824222574797], "rotation": [[0.6832051437618615, 0.4569903211708434, -0.5695529632031631], [-0.5105460872887587, 0.8565844949772871, 0.0748711941847133], [0.5220856484251155, 0.2396306518805041, 0.8185375534377461]], "fy": 3038.801487280267, "fx": 3042.355197700299}, {"id": 11, "img_name": "IMG_ (2)", "width": 2958, "height": 3961, "position": [0.4257490406625158, -2.43376367669347, 2.965884894414404], "rotation": [[-0.9855885390029493, 0.05689247653628922, -0.15930623936179925], [-0.1506796285368976, 0.13275547457473566, 0.9796283139611773], [0.07688225627551291, 0.9895146436935655, -0.12226973699972436]], "fy": 3038.801487280267, "fx": 3042.355197700299}, {"id": 12, "img_name": "IMG_ (20)", "width": 2958, "height": 3961, "position": [2.0430973485435415, 2.134226567778844, -2.383146729156556], "rotation": [[0.8194656147671587, 0.368355464009932, -0.4390789887347268], [-0.4158913585581743, 0.9093164700486107, -0.013339234422196942], [0.39434817622364976, 0.1935402010755437, 0.8983494345057047]], "fy": 3038.801487280267, "fx": 3042.355197700299}, {"id": 13, "img_name": "IMG_ (21)", "width": 2958, "height": 3961, "position": [1.7382289791432255, 2.3400655802032317, -2.6112977440660545], "rotation": [[0.8891992932489559, 0.28804151178636206, -0.3554668822455679], [-0.3248214679442682, 0.9446012392846397, -0.047111704537762776], [0.3222043308959209, 0.15735496887530992, 0.9335008210613217]], "fy": 3038.801487280267, "fx": 3042.355197700299}, {"id": 14, "img_name": "IMG_ (22)", "width": 2958, "height": 3961, "position": [1.2802646051508075, 2.3828298500682292, -2.8176017251458396], "rotation": [[0.9447550641344791, 0.2167142478508482, -0.24591218670634707], [-0.2140970550384479, 0.9760859321710469, 0.03766568785568652], [0.2481941172069153, 0.017064225626125504, 0.9685600096987592]], "fy": 3038.801487280267, "fx": 3042.355197700299}, {"id": 15, "img_name": "IMG_ (23)", "width": 2958, "height": 3961, "position": [0.9343211079167254, 2.467598656682684, -2.887834898811155], "rotation": [[0.9763046335196167, 0.14343989078043815, -0.16203166450117992], [-0.1430988972027132, 0.9896116934086295, 0.0138348071281199], [0.1623328931162575, 0.009679566199005183, 0.9866885718455974]], "fy": 3038.801487280267, "fx": 3042.355197700299}, {"id": 16, "img_name": "IMG_ (24)", "width": 2958, "height": 3961, "position": [0.5293626790088486, 2.560900409694988, -2.9570412245235937], "rotation": [[0.9973323382551534, 0.06085855092142586, -0.040304389962539516], [-0.06088017650002447, 0.9981448420011877, 0.0006917338721145524], [0.040271716872193414, 0.0017638498145189224, 0.9991872085119973]], "fy": 3038.801487280267, "fx": 3042.355197700299}, {"id": 17, "img_name": "IMG_ (25)", "width": 2958, "height": 3961, "position": [0.11294033332906421, 2.4778431298920847, -2.824474961841146], "rotation": [[0.9999924256953626, -0.002726610816816702, -0.002777435032240908], [0.00273222486038112, 0.9999942282260145, 0.0020195202326093835], [0.002771912555802629, -0.0020270935131911022, 0.9999941036789526]], "fy": 3038.801487280267, "fx": 3042.355197700299}, {"id": 18, "img_name": "IMG_ (26)", "width": 2958, "height": 3961, "position": [-0.20613532612832772, 2.4326862901826525, -2.7512836001803405], "rotation": [[0.9988030169023412, -0.037401272592683714, 0.031522662248441996], [0.03674186789321599, 0.999098946986272, 0.02124451163570466], [-0.032288830429407736, -0.020060880822383984, 0.9992772350504795]], "fy": 3038.801487280267, "fx": 3042.355197700299}, {"id": 19, "img_name": "IMG_ (27)", "width": 2958, "height": 3961, "position": [-0.6560214772757165, 2.3082732416044878, -2.631074564752179], "rotation": [[0.9768059341434541, -0.15036888744045174, 0.1524446283476555], [0.14690286566821148, 0.9885727387218006, 0.03381550405576639], [-0.15578740347217257, -0.010636632267728579, 0.9877333379882444]], "fy": 3038.801487280267, "fx": 3042.355197700299}, {"id": 20, "img_name": "IMG_ (28)", "width": 2958, "height": 3961, "position": [-1.2458442068919517, 2.1304047343784256, -2.4863492696651033], "rotation": [[0.9164293409077336, -0.2700002550396361, 0.29539317087899736], [0.2529793078329535, 0.9627792449997764, 0.09517139909668265], [-0.3100947160655544, -0.012489502639889622, 0.9506236265694387]], "fy": 3038.801487280267, "fx": 3042.355197700299}, {"id": 21, "img_name": "IMG_ (29)", "width": 2958, "height": 3961, "position": [-1.6217688761630331, 1.9632126484787424, -2.19067943033067], "rotation": [[0.8961233911376575, -0.3074222240409497, 0.3200850574795096], [0.27574331721069556, 0.9508030638288032, 0.14120607928627818], [-0.3477477402796267, -0.0382767550802964, 0.9368064897036827]], "fy": 3038.801487280267, "fx": 3042.355197700299}, {"id": 22, "img_name": "IMG_ (3)", "width": 2958, "height": 3961, "position": [0.8650095669242231, -2.3965505150127746, 2.99784769156182], "rotation": [[-0.9601210083401318, 0.12256271886905731, -0.25128873688916487], [-0.23606629060324488, 0.12619296157468055, 0.9635081955488677], [0.1498010540174929, 0.9844052602421604, -0.09222758710284265]], "fy": 3038.801487280267, "fx": 3042.355197700299}, {"id": 23, "img_name": "IMG_ (30)", "width": 2958, "height": 3961, "position": [-2.095202125165516, 1.7038637684494613, -1.8547244935226397], "rotation": [[0.8365674165272993, -0.38102212367332255, 0.3936713081700409], [0.34238041932999647, 0.9245515815501427, 0.16727229750483288], [-0.42770387660653236, -0.005149206210756873, 0.9039042425009097]], "fy": 3038.801487280267, "fx": 3042.355197700299}, {"id": 24, "img_name": "IMG_ (31)", "width": 2958, "height": 3961, "position": [-2.7597353089869556, 1.4328199270752695, -1.5877629056862423], "rotation": [[0.7239494840594175, -0.4760375980592147, 0.49928483830787074], [0.4356124153744513, 0.8766623658249187, 0.20421782468210958], [-0.5349195903140394, 0.06965128556078413, 0.8420271553328851]], "fy": 3038.801487280267, "fx": 3042.355197700299}, {"id": 25, "img_name": "IMG_ (32)", "width": 2958, "height": 3961, "position": [-3.27051845794506, 1.2111255379187698, -1.304339642098917], "rotation": [[0.5685719382198996, -0.5306647652059809, 0.6285863966375247], [0.5012032567521603, 0.829380056843245, 0.24682790914263286], [-0.6523198958255793, 0.17471012643684067, 0.7375331350051524]], "fy": 3038.801487280267, "fx": 3042.355197700299}, {"id": 26, "img_name": "IMG_ (33)", "width": 2958, "height": 3961, "position": [-3.3631980606982355, 0.9522161252092566, -0.987107341764274], "rotation": [[0.427477779616731, -0.5723932192309358, 0.6997347715473309], [0.5514196682691402, 0.7784518995494505, 0.2999149705063147], [-0.7163791575554811, 0.25764052993715514, 0.6483997686256535]], "fy": 3038.801487280267, "fx": 3042.355197700299}, {"id": 27, "img_name": "IMG_ (34)", "width": 2958, "height": 3961, "position": [-3.424449400599729, 0.6226849841842176, -0.5780481483289343], "rotation": [[0.30158676799346956, -0.6005533520359391, 0.7405275772917917], [0.574785104340985, 0.7342045307709141, 0.3613388863977764], [-0.7607019818555597, 0.31666919388197434, 0.5666154925936673]], "fy": 3038.801487280267, "fx": 3042.355197700299}, {"id": 28, "img_name": "IMG_ (35)", "width": 2958, "height": 3961, "position": [-3.6340896325296135, 0.18542224281029968, -0.1602513095916257], "rotation": [[0.10378563770317374, -0.6279648222888211, 0.7712902977312206], [0.6019491815043075, 0.6569856628785278, 0.45390199565363837], [-0.791761153563901, 0.41716905534786597, 0.4461885867739441]], "fy": 3038.801487280267, "fx": 3042.355197700299}, {"id": 29, "img_name": "IMG_ (36)", "width": 2958, "height": 3961, "position": [-3.81176819157208, -0.1257939738291911, 0.24766567903448167], "rotation": [[-0.028160744164392706, -0.6260802870647548, 0.7792499256573732], [0.6123655440816225, 0.605347869774323, 0.5084903115904051], [-0.7900730427686578, 0.4915052702755112, 0.36634294913601234]], "fy": 3038.801487280267, "fx": 3042.355197700299}, {"id": 30, "img_name": "IMG_ (37)", "width": 2958, "height": 3961, "position": [-3.627298834776548, -0.43594970246248327, 0.6726366600562428], "rotation": [[-0.18214649019106133, -0.6092979987685534, 0.7717373936824059], [0.6084852993922806, 0.5466800302680082, 0.5752274201823624], [-0.7723783376911627, 0.5743665146949336, 0.27117302642894014]], "fy": 3038.801487280267, "fx": 3042.355197700299}, {"id": 31, "img_name": "IMG_ (38)", "width": 2958, "height": 3961, "position": [-3.437271119714808, -0.7429651923581472, 1.036305348990564], "rotation": [[-0.2594873799572937, -0.6283285747075535, 0.733395869806255], [0.584051875009746, 0.5026938745300403, 0.6373243097572665], [-0.7691226865334938, 0.5937188482067506, 0.23653376575776727]], "fy": 3038.801487280267, "fx": 3042.355197700299}, {"id": 32, "img_name": "IMG_ (39)", "width": 2958, "height": 3961, "position": [-3.3054790061890045, -1.1031645416223752, 1.4368662884473942], "rotation": [[-0.40883654780386686, -0.6077918108761678, 0.6807655924117236], [0.5436414411243891, 0.43695756103704975, 0.7166045446023563], [-0.7330120467441269, 0.6630665158823974, 0.15177659517713712]], "fy": 3038.801487280267, "fx": 3042.355197700299}, {"id": 33, "img_name": "IMG_ (4)", "width": 2958, "height": 3961, "position": [1.2238644095831137, -2.159116371543435, 2.774758722884798], "rotation": [[-0.9268826861648393, 0.2144553564416032, -0.30805419357859143], [-0.2799782000977809, 0.15161864288959687, 0.9479578021190203], [0.2500013871118684, 0.9648941326497023, -0.08048987029632865]], "fy": 3038.801487280267, "fx": 3042.355197700299}, {"id": 34, "img_name": "IMG_ (40)", "width": 2958, "height": 3961, "position": [-3.149015910432473, -1.4401858720406255, 1.8132753782186168], "rotation": [[-0.5335084510837463, -0.5566759642142993, 0.6367735888746503], [0.5120870791688384, 0.3865991017324744, 0.7670123583671726], [-0.6731534416242333, 0.7352911024932398, 0.07881268060233712]], "fy": 3038.801487280267, "fx": 3042.355197700299}, {"id": 35, "img_name": "IMG_ (41)", "width": 2958, "height": 3961, "position": [-2.724069445734431, -1.6906314541864051, 2.1009244055648133], "rotation": [[-0.6607086383909349, -0.47690485101781327, 0.5796773742619892], [0.4628275404126435, 0.349164653065722, 0.8147850715894817], [-0.5909778024521561, 0.8066261885936827, -0.00997140329386381]], "fy": 3038.801487280267, "fx": 3042.355197700299}, {"id": 36, "img_name": "IMG_ (42)", "width": 2958, "height": 3961, "position": [-2.421850710312018, -1.8282835725603044, 2.2595052531466733], "rotation": [[-0.7293639346283353, -0.4442058614109731, 0.5202974183595455], [0.41326539658509626, 0.32000582053077853, 0.8525303436311144], [-0.5451971779538441, 0.836825804761396, -0.049825792884867166]], "fy": 3038.801487280267, "fx": 3042.355197700299}, {"id": 37, "img_name": "IMG_ (43)", "width": 2958, "height": 3961, "position": [-2.0194082012674377, -2.114821585887078, 2.569983648897747], "rotation": [[-0.8215632519805134, -0.3789139056931048, 0.4259789608274108], [0.3350261068634579, 0.28368416360192716, 0.89848806505228], [-0.4612931071619419, 0.880878849441779, -0.10611843332338317]], "fy": 3038.801487280267, "fx": 3042.355197700299}, {"id": 38, "img_name": "IMG_ (44)", "width": 2958, "height": 3961, "position": [-1.6382073410423426, -2.3701773971727693, 2.833962423807667], "rotation": [[-0.9114252692511264, -0.2762124791009139, 0.30497646623868857], [0.2388133717191901, 0.24847625894419645, 0.9387373020335392], [-0.33507036881619773, 0.9284213564594598, -0.160504307765721]], "fy": 3038.801487280267, "fx": 3042.355197700299}, {"id": 39, "img_name": "IMG_ (45)", "width": 2958, "height": 3961, "position": [-1.180266050108265, -2.459405101402111, 2.988341673750901], "rotation": [[-0.9652855536632557, -0.18796787619700492, 0.18136117943763289], [0.136513816351412, 0.2289031633894249, 0.9638295076077964], [-0.22268313325035372, 0.9551290066311993, -0.19529670467650875]], "fy": 3038.801487280267, "fx": 3042.355197700299}, {"id": 40, "img_name": "IMG_ (46)", "width": 2958, "height": 3961, "position": [-0.6468478016746485, -2.458772334191341, 2.9982912230472434], "rotation": [[-0.9904299509882997, -0.11656223960805989, 0.07390369735586011], [0.050411227686289424, 0.19294772499247584, 0.9799132020456651], [-0.12848042772529367, 0.9742609607891414, -0.18522516020709567]], "fy": 3038.801487280267, "fx": 3042.355197700299}, {"id": 41, "img_name": "IMG_ (5)", "width": 2958, "height": 3961, "position": [1.575671508226522, -1.9574511889973973, 2.5602661622444476], "rotation": [[-0.890982609158134, 0.27271344915352685, -0.36301152161956235], [-0.3242580524933693, 0.17745099515285406, 0.9291759035362838], [0.31781552128706775, 0.9455889799326386, -0.069676218747725]], "fy": 3038.801487280267, "fx": 3042.355197700299}, {"id": 42, "img_name": "IMG_ (6)", "width": 2958, "height": 3961, "position": [1.9798157339513778, -1.6693322963089428, 2.1795531039298255], "rotation": [[-0.798033667406513, 0.3562182880873922, -0.48605637216047015], [-0.4256634898584879, 0.23772153366912205, 0.8730973976776548], [0.42655932657392787, 0.9036575699135639, -0.03808066767677433]], "fy": 3038.801487280267, "fx": 3042.355197700299}, {"id": 43, "img_name": "IMG_ (7)", "width": 2958, "height": 3961, "position": [2.3600587115660354, -1.4067728665137516, 1.8746871899182453], "rotation": [[-0.690007289875871, 0.44838151905485285, -0.5681935878626388], [-0.5096318778895111, 0.25646855828354187, 0.821279019365996], [0.5139701245762892, 0.8562580755718593, 0.05154434072727754]], "fy": 3038.801487280267, "fx": 3042.355197700299}, {"id": 44, "img_name": "IMG_ (8)", "width": 2958, "height": 3961, "position": [2.691216408558484, -1.1481918234849209, 1.593433550763197], "rotation": [[-0.5939323233453411, 0.4986230757213006, -0.6313631472012246], [-0.5638766750380788, 0.30175248390262077, 0.7687577861762437], [0.5738357697404423, 0.8126010502188811, 0.10194136819547611]], "fy": 3038.801487280267, "fx": 3042.355197700299}, {"id": 45, "img_name": "IMG_ (9)", "width": 2958, "height": 3961, "position": [2.978620932635975, -0.8138775786093704, 1.221907605686895], "rotation": [[-0.4586085845205227, 0.5532770061789792, -0.6953867417759049], [-0.6155129764656165, 0.3666456821440058, 0.697649424544731], [0.6409539312669206, 0.7479675783072303, 0.17240231957458466]], "fy": 3038.801487280267, "fx": 3042.355197700299}]